,0,1,2,3,4,5,6,7
0,0.0,-0.9999562908183021,0.7989391341665403,0.99996588546217,2.0,0.977713058832804,0.00840023204369883,0.006692520970640973
1,-0.9999562908183021,0.0,0.8028673338996423,1.0,0.977713058832804,2.0,0.008378215399176334,0.0066749250121298075
2,0.7989391341665403,0.8028673338996423,0.0,-0.9999732657687516,0.00840023204369883,0.008378215399176334,2.0,0.9935632383699117
3,0.99996588546217,1.0,-0.9999732657687516,0.0,0.006692520970640973,0.0066749250121298075,0.9935632383699117,2.0
4,2.0,0.977713058832804,0.00840023204369883,0.006692520970640973,0.0,-0.9999562908183021,0.7989391341665403,0.99996588546217
5,0.977713058832804,2.0,0.008378215399176334,0.0066749250121298075,-0.9999562908183021,0.0,0.8028673338996423,1.0
6,0.00840023204369883,0.008378215399176334,2.0,0.9935632383699117,0.7989391341665403,0.8028673338996423,0.0,-0.9999732657687516
7,0.006692520970640973,0.0066749250121298075,0.9935632383699117,2.0,0.99996588546217,1.0,-0.9999732657687516,0.0
